0.0 0.2874147274060749 0.027970174453975354 0.3955450895126254 0.2849114768729508 0.23066775416218752 0.16768636685263644 0.11021718501512145 0.07292587381525005 0.10966651792269269 0.09885823768477502 0.16669600642680482 0.2476669013921445 0.3204988659034942 0.24202026721431355 0.35995070434811094 0.6525364923332636 0.2424905630727826 0.24301087254262774 0.3038743001251185 0.3620374932424482 0.3370238131698307 0.28342460619667975 0.4105682702979219 0.46823668103389293 0.42076968860891484 0.46351981791638636 0.5098779158181833 0.6029049776917931 0.5533924488890901 0.5631437379488431 0.6919506705422819 0.5315528456368781 0.5364930337949102 
0.2874147274060749 0.0 0.2599060712216011 0.3901675406687453 0.45219254250781526 0.38991844309734236 0.32149719823987705 0.3709909144718062 0.26757773192311735 0.29678362305157996 0.19676908107582772 0.22314580959384467 0.33020592377159874 0.4637617811372495 0.4306347058787417 0.5163671672492037 0.8824344819808043 0.10859850410815505 0.07185444537658112 0.04565641557542654 0.23928218430146098 0.16487594597697325 0.1845795549664535 0.44785362179911914 0.4123479058028461 0.16493133416121764 0.18561137742037967 0.3275476169246025 0.44015963912176553 0.4327044917055466 0.5264035498480952 0.7834770622190028 0.331984559366034 0.34437748883818264 
0.027970174453975354 0.2599060712216011 0.0 0.3905752460719446 0.28855740157271703 0.23105012341553133 0.16311839313345658 0.13351576260176895 0.0720126813734133 0.11506831691753369 0.07566634509421166 0.15497997956084159 0.24725439865921894 0.33087421680833284 0.25661045711696534 0.372833347810844 0.6760114483801181 0.21914892846043468 0.21737545860227106 0.2774419695111208 0.34527012518281913 0.31587898546487003 0.26543694073559065 0.4104798119639386 0.45985697950393983 0.3958302580990415 0.43719892360100193 0.4911404317350933 0.5867066056723536 0.5403579756055094 0.5580407822341975 0.7011307847612094 0.5116617331841719 0.5172437747911443 
0.3955450895126254 0.3901675406687453 0.3905752460719446 0.0 0.6790332666923496 0.6212638288231379 0.5507825078528155 0.3623197568513345 0.3226268517038712 0.29184516934951193 0.3383234149731065 0.24102242268523444 0.15433728968569743 0.2072526570386695 0.2642381113097435 0.2446468466909344 0.6226284545031545 0.28634585926736766 0.325745021272028 0.3548034577819309 0.17474315047000819 0.24603806556270486 0.20559109187671346 0.07191743660590919 0.08866230838025095 0.35419805193416243 0.421343361606237 0.26361121157075557 0.2897661608062003 0.20784084185785573 0.16762091023925588 0.40079946201813804 0.29917796054833135 0.2903136773977219 
0.2849114768729508 0.45219254250781526 0.28855740157271703 0.6790332666923496 0.0 0.06348630671541729 0.1373003001900009 0.35659424590619243 0.3572395887835828 0.3936458178491801 0.3497046717804092 0.44201502027580775 0.5325691296599774 0.5918362582411794 0.5046800644408512 0.6226154891411247 0.8265750159510761 0.4705882980028986 0.45176841335887336 0.49021305632964235 0.6190067312006142 0.5725127264586052 0.537966473438095 0.6952989877043617 0.7475575725182672 0.6162525965389557 0.6336366809889186 0.7534514774062022 0.8579162645742194 0.8211963964686975 0.8465641628243669 0.9605190985523274 0.7674337807976234 0.7763544584678769 
0.23066775416218752 0.38991844309734236 0.23105012341553133 0.6212638288231379 0.06348630671541729 0.0 0.07419012808086423 0.3131421913135385 0.3015364373244191 0.34031282057647566 0.28856546672546124 0.38243751154221395 0.47750546793046683 0.54534532098915 0.4605001198247215 0.5794033196616278 0.8094800886613612 0.40720647540067306 0.3866239483309493 0.427316207051669 0.5562994651132984 0.5090933302760908 0.4753452949466649 0.6407196011974499 0.6877294574390475 0.553549446713825 0.5724373155527392 0.6900292612817422 0.7947639470748361 0.759057506606646 0.7884797715080569 0.9162232131812085 0.7039475428665453 0.7128800232059356 
0.16768636685263644 0.32149719823987705 0.16311839313345658 0.5507825078528155 0.1373003001900009 0.07419012808086423 0.0 0.2630645088102681 0.23496400836098044 0.2763228596497085 0.2155268084331497 0.3106872463913415 0.4102985331054782 0.4877006559676552 0.40650749504624734 0.5253765699682252 0.7843256366332966 0.3333556331729234 0.3137852846622832 0.356948897743368 0.48212147452580945 0.4353322356837538 0.40118788944946115 0.573451508240375 0.6153036110269868 0.48350932301894783 0.5059576946688875 0.6162638471516806 0.7206453434496933 0.6850448381527025 0.7174959261388517 0.8593049744913237 0.6306803422361775 0.6393645259583821 
0.11021718501512145 0.3709909144718062 0.13351576260176895 0.3623197568513345 0.35659424590619243 0.3131421913135385 0.2630645088102681 0.0 0.10392912661558476 0.09032187272239864 0.17485370874246997 0.18612840192511287 0.20834364190700866 0.23585917633643885 0.14810296999603448 0.2665167905586132 0.5426170525324887 0.30005977793706573 0.31338307957663525 0.377108990166887 0.3803694839273458 0.3776456869926438 0.312377271937513 0.3580933603568213 0.4456055465870594 0.48001308713298635 0.5319918978559667 0.5320666873271822 0.6106206619901506 0.5478671657000713 0.5247587305682713 0.6041133905739922 0.5590482052794659 0.56058337238822 
0.07292587381525005 0.26757773192311735 0.0720126813734133 0.3226268517038712 0.3572395887835828 0.3015364373244191 0.23496400836098044 0.10392912661558476 0.0 0.04525205568807424 0.07362682470061895 0.09880653289109895 0.17597572555207805 0.2618633767557772 0.19362585327570103 0.3061620467318322 0.6303881513302295 0.19824137824569185 0.209591001167771 0.2732786750891449 0.2979495640338842 0.28283699924153033 0.22264501033750467 0.33921986766077233 0.3957950047754081 0.37903876827868593 0.42907591210532936 0.44834804109203097 0.5367753009132016 0.48372315241923436 0.4902328431652527 0.6305573702531665 0.4723371646639519 0.4758643103098952 
0.10966651792269269 0.29678362305157996 0.11506831691753369 0.29184516934951193 0.3936458178491801 0.34031282057647566 0.2763228596497085 0.09032187272239864 0.04525205568807424 0.0 0.11219874582938894 0.09604496417570832 0.13994674109058744 0.21675231730112893 0.14944619173358292 0.2609355523354461 0.5917123611250028 0.2148929327797629 0.23318406570212705 0.29653457245221404 0.29087177943473186 0.28777140039061283 0.2220630551442328 0.3017547695613563 0.3697913285532045 0.3927731502893089 0.44725301654752325 0.44260299193912955 0.5241469343638365 0.4652159495574141 0.45862838808253453 0.5861563595735553 0.46909211444540616 0.4709581301766075 
0.09885823768477502 0.19676908107582772 0.07566634509421166 0.3383234149731065 0.3497046717804092 0.28856546672546124 0.2155268084331497 0.17485370874246997 0.07362682470061895 0.11219874582938894 0.0 0.09744323838241371 0.2103396207880342 0.31899111318727874 0.26054857283066124 0.3669558313046468 0.7030960642845844 0.14378156653670338 0.14535918824128566 0.20765171162341026 0.27307885577378005 0.2403475709213773 0.1923435624767542 0.3689092906118597 0.3998905857665934 0.3220984702784351 0.366539769468083 0.4167173426782484 0.5144433092337926 0.47218551031335737 0.5036203717766594 0.679632496527115 0.4365144235917764 0.44245163426823997 
0.16669600642680482 0.22314580959384467 0.15497997956084159 0.24102242268523444 0.44201502027580775 0.38243751154221395 0.3106872463913415 0.18612840192511287 0.09880653289109895 0.09604496417570832 0.09744323838241371 0.0 0.1197603454601546 0.2445376682625527 0.20814427714058584 0.2961878615888343 0.6600732102011432 0.12645000476076443 0.15306114007565735 0.21308388662471836 0.19941935878197473 0.19173819801297004 0.12663695484480278 0.27275541739510134 0.3055425552119561 0.2989627640997955 0.35607913300139266 0.35039827572627774 0.43801983607472306 0.3866975921163887 0.40695271032053576 0.5911099245038722 0.3754169666894174 0.37823994508025116 
0.2476669013921445 0.33020592377159874 0.24725439865921894 0.15433728968569743 0.5325691296599774 0.47750546793046683 0.4102985331054782 0.20834364190700866 0.17597572555207805 0.13994674109058744 0.2103396207880342 0.1197603454601546 0.0 0.1357299877393076 0.13768021825888496 0.188656878385778 0.5707237710536495 0.22334744761789044 0.2583619965949058 0.30996170415985325 0.2107080466891433 0.24461080507393745 0.17620172772875847 0.16326369656769865 0.237538446959853 0.36452195631054224 0.4292809528755201 0.3531599240241771 0.4146036247690882 0.34451951770055084 0.3194816991300443 0.4714907641911178 0.385066690867092 0.38237733712336225 
0.3204988659034942 0.4637617811372495 0.33087421680833284 0.2072526570386695 0.5918362582411794 0.54534532098915 0.4877006559676552 0.23585917633643885 0.2618633767557772 0.21675231730112893 0.31899111318727874 0.2445376682625527 0.1357299877393076 0.0 0.0901575909924774 0.05294618319587529 0.4386692725381428 0.3582402678321362 0.3920017352744653 0.4453611956209819 0.33174354017513286 0.3766388208629636 0.3101710350427569 0.16223243802117532 0.29358571386138865 0.4968948366919396 0.5627038734374593 0.45871751995233573 0.4968365279268106 0.41474403147645433 0.3326032547908693 0.3716175541098881 0.4931613150821561 0.48716881453878075 
0.24202026721431355 0.4306347058787417 0.25661045711696534 0.2642381113097435 0.5046800644408512 0.4605001198247215 0.40650749504624734 0.14810296999603448 0.19362585327570103 0.14944619173358292 0.26054857283066124 0.20814427714058584 0.13768021825888496 0.0901575909924774 0.0 0.11905237946303186 0.45195763427094654 0.3332341629453252 0.3611797101492679 0.4207498888155012 0.3481578229420158 0.375878060941801 0.3057752379461061 0.236851868815926 0.3528767962917825 0.49370364666267363 0.5558738857702025 0.490142248953357 0.545228696710036 0.4692824583670996 0.40947882381778544 0.4560593680590708 0.5224597392878257 0.5193223357503333 
0.35995070434811094 0.5163671672492037 0.372833347810844 0.2446468466909344 0.6226154891411247 0.5794033196616278 0.5253765699682252 0.2665167905586132 0.3061620467318322 0.2609355523354461 0.3669558313046468 0.2961878615888343 0.188656878385778 0.05294618319587529 0.11905237946303186 0.0 0.38835394222143416 0.41111379921640645 0.4446604889092192 0.49829060105312994 0.3810777490877525 0.4284608014027893 0.3625856615034947 0.1888152918775201 0.3270069701284697 0.5486527076900207 0.6147431512096828 0.5028890298483725 0.5335687907111082 0.44898869864370744 0.35037509529597105 0.33796498944567077 0.53781019261181 0.5308836517628597 
0.6525364923332636 0.8824344819808043 0.6760114483801181 0.6226284545031545 0.8265750159510761 0.8094800886613612 0.7843256366332966 0.5426170525324887 0.6303881513302295 0.5917123611250028 0.7030960642845844 0.6600732102011432 0.5707237710536495 0.4386692725381428 0.45195763427094654 0.38835394222143416 0.0 0.7843932345236744 0.8131277947891283 0.8721863966810947 0.769423774631272 0.8146888548283491 0.746919696575035 0.5556722496628317 0.6941162099463343 0.934897662410366 1.0 0.8859089328299031 0.9005466929341532 0.8124240729585076 0.6767581947069539 0.43271780611840305 0.9213414780005577 0.9129160545916669 
0.2424905630727826 0.10859850410815505 0.21914892846043468 0.28634585926736766 0.4705882980028986 0.40720647540067306 0.3333556331729234 0.30005977793706573 0.19824137824569185 0.2148929327797629 0.14378156653670338 0.12645000476076443 0.22334744761789044 0.3582402678321362 0.3332341629453252 0.41111379921640645 0.7843932345236744 0.0 0.03944129389719516 0.0878986497984877 0.15682790401199123 0.10205451362484524 0.08427717407097697 0.3408632191994171 0.3193056050126338 0.18088174436071452 0.2324208283839485 0.2829275543100619 0.3883616785699194 0.36157682848725353 0.4324613217892501 0.6756642561883363 0.2985989321988824 0.3064625470991078 
0.24301087254262774 0.07185444537658112 0.21737545860227106 0.325745021272028 0.45176841335887336 0.3866239483309493 0.3137852846622832 0.31338307957663525 0.209591001167771 0.23318406570212705 0.14535918824128566 0.15306114007565735 0.2583619965949058 0.3920017352744653 0.3611797101492679 0.4446604889092192 0.8131277947891283 0.03944129389719516 0.0 0.06374760135909528 0.1904689938394956 0.12654027246301214 0.12255866968651835 0.3801210874270929 0.3569162977999168 0.17902542889506273 0.22121509063754358 0.3055363427551311 0.4142586424226793 0.3933729459481521 0.47044106550268405 0.7145661657303816 0.3175327653356379 0.327051477213347 
0.3038743001251185 0.04565641557542654 0.2774419695111208 0.3548034577819309 0.49021305632964235 0.427316207051669 0.356948897743368 0.377108990166887 0.2732786750891449 0.29653457245221404 0.20765171162341026 0.21308388662471836 0.30996170415985325 0.4453611956209819 0.4207498888155012 0.49829060105312994 0.8721863966810947 0.0878986497984877 0.06374760135909528 0.0 0.19713710253150102 0.12122201223715022 0.15054909980562514 0.4156304972071724 0.37134986398041336 0.12658811507542964 0.15977247953590926 0.28210512712312463 0.39460075099286895 0.38756429989659946 0.4852460501079782 0.7519762647035976 0.28735738399729255 0.2994042980081724 
0.3620374932424482 0.23928218430146098 0.34527012518281913 0.17474315047000819 0.6190067312006142 0.5562994651132984 0.48212147452580945 0.3803694839273458 0.2979495640338842 0.29087177943473186 0.27307885577378005 0.19941935878197473 0.2107080466891433 0.33174354017513286 0.3481578229420158 0.3810777490877525 0.769423774631272 0.15682790401199123 0.1904689938394956 0.19713710253150102 0.0 0.07714266388030595 0.08112744202049198 0.24453524909466534 0.17462744338740524 0.17968486389646707 0.24706738300329675 0.15173629425790663 0.24149668678998132 0.2051315114736925 0.2882578889679897 0.5745062272677292 0.1794160532949418 0.18022389671721123 
0.3370238131698307 0.16487594597697325 0.31587898546487003 0.24603806556270486 0.5725127264586052 0.5090933302760908 0.4353322356837538 0.3776456869926438 0.28283699924153033 0.28777140039061283 0.2403475709213773 0.19173819801297004 0.24461080507393745 0.3766388208629636 0.375878060941801 0.4284608014027893 0.8146888548283491 0.10205451362484524 0.12654027246301214 0.12122201223715022 0.07714266388030595 0.0 0.07023701649036423 0.31280118539302065 0.2517151120288522 0.12026175524499395 0.18645891485946806 0.1809388309890279 0.28791491157168897 0.26945398585767366 0.36515634768450084 0.6468254390571659 0.19706205897935897 0.2044783599000817 
0.28342460619667975 0.1845795549664535 0.26543694073559065 0.20559109187671346 0.537966473438095 0.4753452949466649 0.40118788944946115 0.312377271937513 0.22264501033750467 0.2220630551442328 0.1923435624767542 0.12663695484480278 0.17620172772875847 0.3101710350427569 0.3057752379461061 0.3625856615034947 0.746919696575035 0.08427717407097697 0.12255866968651835 0.15054909980562514 0.08112744202049198 0.07023701649036423 0.0 0.26508148122233743 0.23507834966411897 0.18867806474513227 0.2530806634359337 0.2265486382367932 0.32212693074363685 0.28461942580329685 0.3481886495560931 0.6014287742571437 0.2496959943984539 0.2535611211816954 
0.4105682702979219 0.44785362179911914 0.4104798119639386 0.07191743660590919 0.6952989877043617 0.6407196011974499 0.573451508240375 0.3580933603568213 0.33921986766077233 0.3017547695613563 0.3689092906118597 0.27275541739510134 0.16326369656769865 0.16223243802117532 0.236851868815926 0.1888152918775201 0.5556722496628317 0.3408632191994171 0.3801210874270929 0.4156304972071724 0.24453524909466534 0.31280118539302065 0.26508148122233743 0.0 0.14018629748047182 0.4242122964662392 0.4915949512520677 0.33309709935121334 0.34799212989135064 0.2616706003574525 0.17266003276430777 0.3363569349632456 0.3687323642255406 0.35897239694697425 
0.46823668103389293 0.4123479058028461 0.45985697950393983 0.08866230838025095 0.7475575725182672 0.6877294574390475 0.6153036110269868 0.4456055465870594 0.3957950047754081 0.3697913285532045 0.3998905857665934 0.3055425552119561 0.237538446959853 0.29358571386138865 0.3528767962917825 0.3270069701284697 0.6941162099463343 0.3193056050126338 0.3569162977999168 0.37134986398041336 0.17462744338740524 0.2517151120288522 0.23507834966411897 0.14018629748047182 0.0 0.3391681355207322 0.4027753205080997 0.20622391184706632 0.20781136355720387 0.12198272982948863 0.11405947866418034 0.42114179055783707 0.2410872089752525 0.22879220739974693 
0.42076968860891484 0.16493133416121764 0.3958302580990415 0.35419805193416243 0.6162525965389557 0.553549446713825 0.48350932301894783 0.48001308713298635 0.37903876827868593 0.3927731502893089 0.3220984702784351 0.2989627640997955 0.36452195631054224 0.4968948366919396 0.49370364666267363 0.5486527076900207 0.934897662410366 0.18088174436071452 0.17902542889506273 0.12658811507542964 0.17968486389646707 0.12026175524499395 0.18867806474513227 0.4242122964662392 0.3391681355207322 0.0 0.06756162807314393 0.18731815878299915 0.29829263159489966 0.3153425145908084 0.4460613524359667 0.752344493619101 0.1806657425847029 0.19590100778610672 
0.46351981791638636 0.18561137742037967 0.43719892360100193 0.421343361606237 0.6336366809889186 0.5724373155527392 0.5059576946688875 0.5319918978559667 0.42907591210532936 0.44725301654752325 0.366539769468083 0.35607913300139266 0.4292809528755201 0.5627038734374593 0.5558738857702025 0.6147431512096828 1.0 0.2324208283839485 0.22121509063754358 0.15977247953590926 0.24706738300329675 0.18645891485946806 0.2530806634359337 0.4915949512520677 0.4027753205080997 0.06756162807314393 0.0 0.23367389091385654 0.33797018012571384 0.36781529108358474 0.5069625380314801 0.8185142197282766 0.21822637770407863 0.23515051212968102 
0.5098779158181833 0.3275476169246025 0.4911404317350933 0.26361121157075557 0.7534514774062022 0.6900292612817422 0.6162638471516806 0.5320666873271822 0.44834804109203097 0.44260299193912955 0.4167173426782484 0.35039827572627774 0.3531599240241771 0.45871751995233573 0.490142248953357 0.5028890298483725 0.8859089328299031 0.2829275543100619 0.3055363427551311 0.28210512712312463 0.15173629425790663 0.1809388309890279 0.2265486382367932 0.33309709935121334 0.20622391184706632 0.18731815878299915 0.23367389091385654 0.0 0.11310343668346867 0.13624954784319 0.29005885598666054 0.6240767098457414 0.035635427548749675 0.029224707721554638 
0.6029049776917931 0.44015963912176553 0.5867066056723536 0.2897661608062003 0.8579162645742194 0.7947639470748361 0.7206453434496933 0.6106206619901506 0.5367753009132016 0.5241469343638365 0.5144433092337926 0.43801983607472306 0.4146036247690882 0.4968365279268106 0.545228696710036 0.5335687907111082 0.9005466929341532 0.3883616785699194 0.4142586424226793 0.39460075099286895 0.24149668678998132 0.28791491157168897 0.32212693074363685 0.34799212989135064 0.20781136355720387 0.29829263159489966 0.33797018012571384 0.11310343668346867 0.0 0.0884677774413671 0.24669173809399958 0.5878596420323311 0.11980210783933172 0.1032008180280667 
0.5533924488890901 0.4327044917055466 0.5403579756055094 0.20784084185785573 0.8211963964686975 0.759057506606646 0.6850448381527025 0.5478671657000713 0.48372315241923436 0.4652159495574141 0.47218551031335737 0.3866975921163887 0.34451951770055084 0.41474403147645433 0.4692824583670996 0.44898869864370744 0.8124240729585076 0.36157682848725353 0.3933729459481521 0.38756429989659946 0.2051315114736925 0.26945398585767366 0.28461942580329685 0.2616706003574525 0.12198272982948863 0.3153425145908084 0.36781529108358474 0.13624954784319 0.0884677774413671 0.0 0.16397843631049314 0.5053545140538834 0.16239693706425626 0.14577911099032315 
0.5631437379488431 0.5264035498480952 0.5580407822341975 0.16762091023925588 0.8465641628243669 0.7884797715080569 0.7174959261388517 0.5247587305682713 0.4902328431652527 0.45862838808253453 0.5036203717766594 0.40695271032053576 0.3194816991300443 0.3326032547908693 0.40947882381778544 0.35037509529597105 0.6767581947069539 0.4324613217892501 0.47044106550268405 0.4852460501079782 0.2882578889679897 0.36515634768450084 0.3481886495560931 0.17266003276430777 0.11405947866418034 0.4460613524359667 0.5069625380314801 0.29005885598666054 0.24669173809399958 0.16397843631049314 0.0 0.3416729957909634 0.3210710797981727 0.3056267528582381 
0.6919506705422819 0.7834770622190028 0.7011307847612094 0.40079946201813804 0.9605190985523274 0.9162232131812085 0.8593049744913237 0.6041133905739922 0.6305573702531665 0.5861563595735553 0.679632496527115 0.5911099245038722 0.4714907641911178 0.3716175541098881 0.4560593680590708 0.33796498944567077 0.43271780611840305 0.6756642561883363 0.7145661657303816 0.7519762647035976 0.5745062272677292 0.6468254390571659 0.6014287742571437 0.3363569349632456 0.42114179055783707 0.752344493619101 0.8185142197282766 0.6240767098457414 0.5878596420323311 0.5053545140538834 0.3416729957909634 0.0 0.6573809709165886 0.6430806957197608 
0.5315528456368781 0.331984559366034 0.5116617331841719 0.29917796054833135 0.7674337807976234 0.7039475428665453 0.6306803422361775 0.5590482052794659 0.4723371646639519 0.46909211444540616 0.4365144235917764 0.3754169666894174 0.385066690867092 0.4931613150821561 0.5224597392878257 0.53781019261181 0.9213414780005577 0.2985989321988824 0.3175327653356379 0.28735738399729255 0.1794160532949418 0.19706205897935897 0.2496959943984539 0.3687323642255406 0.2410872089752525 0.1806657425847029 0.21822637770407863 0.035635427548749675 0.11980210783933172 0.16239693706425626 0.3210710797981727 0.6573809709165886 0.0 0.019004778189701036 
0.5364930337949102 0.34437748883818264 0.5172437747911443 0.2903136773977219 0.7763544584678769 0.7128800232059356 0.6393645259583821 0.56058337238822 0.4758643103098952 0.4709581301766075 0.44245163426823997 0.37823994508025116 0.38237733712336225 0.48716881453878075 0.5193223357503333 0.5308836517628597 0.9129160545916669 0.3064625470991078 0.327051477213347 0.2994042980081724 0.18022389671721123 0.2044783599000817 0.2535611211816954 0.35897239694697425 0.22879220739974693 0.19590100778610672 0.23515051212968102 0.029224707721554638 0.1032008180280667 0.14577911099032315 0.3056267528582381 0.6430806957197608 0.019004778189701036 0.0 
